<?xml version="1.0"?>

<KARMA ka_file_version="1.0">
	<ASSET id="BloatRag" graphic="Bloat.PSK" scale="0.02" mass_scale="1" length_scale="1">
		<GEOMETRY id="belly">
			<PRIMITIVE id="belly_1" type="sphere">
				<RADIUS>0.09388488</RADIUS>
				<TM>1,0,0,0,0,1,0,0,0,0,1,0,0.1197622,0.02694875,-0.0430452,1</TM>
			</PRIMITIVE>
		</GEOMETRY>
		<GEOMETRY id="bip01 head">
			<PRIMITIVE id="bip01 head_1" type="sphyl">
				<RADIUS>0.1168244</RADIUS>
				<HEIGHT>0.3376492</HEIGHT>
				<TM>-1.422174e-009,-0.9999049,0.01379619,0,-2.11182e-008,-0.01379619,-0.9999048,0,1,-4.876049e-008,-2.2037e-008,0,0.1688244,-3.737028e-009,-5.721058e-009,1</TM>
			</PRIMITIVE>
		</GEOMETRY>
		<GEOMETRY id="bip01 l calf">
			<PRIMITIVE id="bip01 l calf_1" type="sphyl">
				<RADIUS>0.07358114</RADIUS>
				<HEIGHT>0.5797932</HEIGHT>
				<TM>9.461942e-010,0.9999619,0.008711713,0,3.370262e-009,-0.008711714,0.999962,0,0.9999999,2.762294e-008,2.113967e-008,0,0.2898966,1.10319e-008,-3.586127e-009,1</TM>
			</PRIMITIVE>
		</GEOMETRY>
		<GEOMETRY id="bip01 l clavicle">
			<PRIMITIVE id="bip01 l clavicle_1" type="sphyl">
				<RADIUS>0.05832782</RADIUS>
				<HEIGHT>0.163296</HEIGHT>
				<TM>1.900523e-007,-0.1685943,-0.9856855,0,5.968922e-008,0.9856855,-0.1685942,0,0.9999999,-3.198334e-008,1.970925e-007,0,0.08164799,-1.635291e-009,-4.778886e-008,1</TM>
			</PRIMITIVE>
		</GEOMETRY>
		<GEOMETRY id="bip01 l foot">
			<PRIMITIVE id="bip01 l foot_1" type="sphyl">
				<RADIUS>0.05840657</RADIUS>
				<HEIGHT>0.1986416</HEIGHT>
				<TM>0.865469,0.5009215,-0.006397471,0,0.005536876,0.003204782,0.9999795,0,0.5009317,-0.8654867,1.039538e-007,0,0.04975294,-0.08596082,5.49452e-009,1</TM>
			</PRIMITIVE>
		</GEOMETRY>
		<GEOMETRY id="bip01 l forearm">
			<PRIMITIVE id="bip01 l forearm_1" type="sphyl">
				<RADIUS>0.05361663</RADIUS>
				<HEIGHT>0.3768368</HEIGHT>
				<TM>9.82091e-008,-0.8946162,-0.4468353,0,-5.844135e-008,0.4468352,-0.8946161,0,0.9999999,1.268033e-007,-1.541415e-008,0,0.1884184,1.871951e-008,2.422835e-008,1</TM>
			</PRIMITIVE>
		</GEOMETRY>
		<GEOMETRY id="bip01 l hand">
			<PRIMITIVE id="bip01 l hand_1" type="sphyl">
				<RADIUS>0.05492766</RADIUS>
				<HEIGHT>0.1640813</HEIGHT>
				<TM>-0.01342236,-0.4454352,0.8952135,0,-0.0427216,-0.8942211,-0.4455819,0,0.9989967,-0.04422572,-0.007027196,0,0.08195835,-0.003628343,-0.0005765229,1</TM>
			</PRIMITIVE>
		</GEOMETRY>
		<GEOMETRY id="bip01 l thigh">
			<PRIMITIVE id="bip01 l thigh_1" type="sphyl">
				<RADIUS>0.1216228</RADIUS>
				<HEIGHT>0.6651081</HEIGHT>
				<TM>-1.111388e-009,-0.06320551,0.9980005,0,-1.836299e-008,-0.9980005,-0.06320552,0,1,1.797129e-008,3.069387e-008,0,0.332554,5.764597e-009,1.436095e-008,1</TM>
			</PRIMITIVE>
		</GEOMETRY>
		<GEOMETRY id="bip01 l upperarm">
			<PRIMITIVE id="bip01 l upperarm_1" type="sphyl">
				<RADIUS>0.07627495</RADIUS>
				<HEIGHT>0.3768369</HEIGHT>
				<TM>-4.167425e-008,0.1095199,-0.9939845,0,-2.470436e-008,0.9939845,0.1095199,0,0.9999999,-2.578622e-009,-1.04749e-007,0,0.1884184,-3.51703e-008,4.794189e-008,1</TM>
			</PRIMITIVE>
		</GEOMETRY>
		<GEOMETRY id="bip01 neck">
			<PRIMITIVE id="bip01 neck_1" type="sphere">
				<RADIUS>0.04707066</RADIUS>
				<TM>1,0,0,0,0,1,0,0,0,0,1,0,0.07387547,0.00639678,-0.0006784248,1</TM>
			</PRIMITIVE>
		</GEOMETRY>
		<GEOMETRY id="bip01 pelvis">
			<PRIMITIVE id="bip01 pelvis_1" type="sphyl">
				<RADIUS>0.217962</RADIUS>
				<HEIGHT>0.195421</HEIGHT>
				<TM>0.0008402052,-0.9999037,0.01385223,0,-5.151951e-005,-0.01385228,-0.9999041,0,0.9999996,0.000839377,-6.315328e-005,0,0.1027103,8.621957e-005,-6.489834e-006,1</TM>
			</PRIMITIVE>
		</GEOMETRY>
		<GEOMETRY id="bip01 r calf">
			<PRIMITIVE id="bip01 r calf_1" type="sphyl">
				<RADIUS>0.07665551</RADIUS>
				<HEIGHT>0.5797933</HEIGHT>
				<TM>1.638449e-008,0.9960768,0.0884939,0,2.748267e-008,-0.0884939,0.9960768,0,1,2.352969e-008,-6.153449e-008,0,0.2898967,1.364574e-008,-2.152827e-008,1</TM>
			</PRIMITIVE>
		</GEOMETRY>
		<GEOMETRY id="bip01 r clavicle">
			<PRIMITIVE id="bip01 r clavicle_1" type="sphyl">
				<RADIUS>0.08450435</RADIUS>
				<HEIGHT>0.163296</HEIGHT>
				<TM>-8.679064e-007,0.1685942,-0.9856855,0,-8.247212e-008,0.9856855,0.1685942,0,1,2.328884e-007,-8.422123e-007,0,0.08164798,1.424352e-008,3.810199e-008,1</TM>
			</PRIMITIVE>
		</GEOMETRY>
		<GEOMETRY id="bip01 r foot">
			<PRIMITIVE id="bip01 r foot_1" type="sphyl">
				<RADIUS>0.05888543</RADIUS>
				<HEIGHT>0.1790695</HEIGHT>
				<TM>0.8306033,0.5568239,0.006753518,0,-0.005609579,-0.003760663,0.9999772,0,0.5568366,-0.8306222,-7.304644e-008,0,0.04985621,-0.07436952,-7.672637e-009,1</TM>
			</PRIMITIVE>
		</GEOMETRY>
		<GEOMETRY id="bip01 r forearm">
			<PRIMITIVE id="bip01 r forearm_1" type="sphyl">
				<RADIUS>0.0612871</RADIUS>
				<HEIGHT>0.3768368</HEIGHT>
				<TM>-6.217533e-008,-0.8451042,0.5346017,0,-1.33853e-007,-0.5346016,-0.8451042,0,1,-1.357702e-007,-8.118175e-008,0,0.1884184,-3.888935e-008,-4.172827e-008,1</TM>
			</PRIMITIVE>
		</GEOMETRY>
		<GEOMETRY id="bip01 r hand">
			<PRIMITIVE id="bip01 r hand_1" type="sphyl">
				<RADIUS>0.05731751</RADIUS>
				<HEIGHT>0.2349132</HEIGHT>
				<TM>-7.041226e-008,-0.8137867,-0.5811636,0,1.349547e-007,0.5811636,-0.8137867,0,0.9999999,-1.576836e-007,3.781499e-008,0,0.1174565,-7.67832e-010,2.900753e-008,1</TM>
			</PRIMITIVE>
		</GEOMETRY>
		<GEOMETRY id="bip01 r thigh">
			<PRIMITIVE id="bip01 r thigh_1" type="sphyl">
				<RADIUS>0.1067683</RADIUS>
				<HEIGHT>0.6651083</HEIGHT>
				<TM>-6.80445e-008,0.9997414,0.02274654,0,1.152949e-007,-0.02274655,0.9997414,0,1,1.16982e-007,-1.285872e-007,0,0.3325542,3.064766e-008,-3.526975e-008,1</TM>
			</PRIMITIVE>
		</GEOMETRY>
		<GEOMETRY id="bip01 r upperarm">
			<PRIMITIVE id="bip01 r upperarm_1" type="sphyl">
				<RADIUS>0.06432485</RADIUS>
				<HEIGHT>0.3768369</HEIGHT>
				<TM>1.829173e-007,-0.3888848,-0.9212863,0,6.001696e-008,0.9212864,-0.3888848,0,1,-4.123023e-009,2.449414e-007,0,0.1884185,1.359994e-009,6.3431e-008,1</TM>
			</PRIMITIVE>
		</GEOMETRY>
		<GEOMETRY id="bip01 spine">
			<PRIMITIVE id="bip01 spine_1" type="sphere">
				<RADIUS>0.1166629</RADIUS>
				<TM>1,0,0,0,0,1,0,0,0,0,1,0,0.0873123,-0.008211289,-0.0009998322,1</TM>
			</PRIMITIVE>
		</GEOMETRY>
		<GEOMETRY id="bip01 spine1">
			<PRIMITIVE id="bip01 spine1_1" type="sphyl">
				<RADIUS>0.188756</RADIUS>
				<HEIGHT>0.197746</HEIGHT>
				<TM>0.0006499116,-0.9999976,0.002089467,0,1.345527e-006,-0.002089467,-0.9999979,0,0.9999999,0.0006498264,-1.336286e-008,0,0.108873,7.076893e-005,-2.972704e-009,1</TM>
			</PRIMITIVE>
		</GEOMETRY>
		<GEOMETRY id="bip01 spine2">
			<PRIMITIVE id="bip01 spine2_1" type="sphyl">
				<RADIUS>0.1532111</RADIUS>
				<HEIGHT>0.1792126</HEIGHT>
				<TM>0.0006181315,-0.999999,0.001257729,0,7.992387e-007,-0.001257728,-0.9999992,0,0.9999998,0.0006180786,2.089797e-008,0,0.08960618,5.539902e-005,-2.22779e-009,1</TM>
			</PRIMITIVE>
		</GEOMETRY>
		<MODEL id="bip01" type="dynamics_only">
			<DYNAMICS>
				<MASS>1.258245e-005</MASS>
				<DENSITY>1</DENSITY>
				<MASS_OFFSET>0,0,0</MASS_OFFSET>
				<INERTIA>5.032979e-010,0,0,5.032979e-010,0,5.032979e-010</INERTIA>
				<LIN_DAMP>0</LIN_DAMP>
				<ANG_DAMP>0</ANG_DAMP>
				<FAST_SPIN>0,1,0</FAST_SPIN>
				<USE_FAST_SPIN>0</USE_FAST_SPIN>
			</DYNAMICS>
		</MODEL>
		<MODEL id="bip01 head" type="dynamics_and_geometry" geometry="bip01 head">
			<DYNAMICS>
				<MASS>0.08489815</MASS>
				<DENSITY>1</DENSITY>
				<MASS_OFFSET>0.1688244,-3.737028e-009,-5.721058e-009</MASS_OFFSET>
				<INERTIA>0.0005793428,-2.47899e-011,2.982455e-011,0.002018885,-1.727744e-012,0.002018884</INERTIA>
				<LIN_DAMP>0</LIN_DAMP>
				<ANG_DAMP>0</ANG_DAMP>
				<FAST_SPIN>0,1,0</FAST_SPIN>
				<USE_FAST_SPIN>0</USE_FAST_SPIN>
			</DYNAMICS>
		</MODEL>
		<MODEL id="bip01 l calf" type="dynamics_and_geometry" geometry="bip01 l calf">
			<DYNAMICS>
				<MASS>0.04622278</MASS>
				<DENSITY>1</DENSITY>
				<MASS_OFFSET>0.2898966,1.10319e-008,-3.586127e-009</MASS_OFFSET>
				<INERTIA>0.0001251293,5.139588e-012,8.84755e-012,0.001835898,-2.777868e-012,0.001835899</INERTIA>
				<LIN_DAMP>0</LIN_DAMP>
				<ANG_DAMP>0</ANG_DAMP>
				<FAST_SPIN>0,1,0</FAST_SPIN>
				<USE_FAST_SPIN>0</USE_FAST_SPIN>
			</DYNAMICS>
		</MODEL>
		<MODEL id="bip01 l clavicle" type="dynamics_and_geometry" geometry="bip01 l clavicle">
			<DYNAMICS>
				<MASS>0.01034012</MASS>
				<DENSITY>1</DENSITY>
				<MASS_OFFSET>0.08164799,-1.635291e-009,-4.778886e-008</MASS_OFFSET>
				<INERTIA>1.758923e-005,1.020124e-012,-8.193561e-012,5.907071e-005,4.153687e-012,5.907072e-005</INERTIA>
				<LIN_DAMP>0</LIN_DAMP>
				<ANG_DAMP>0</ANG_DAMP>
				<FAST_SPIN>0,1,0</FAST_SPIN>
				<USE_FAST_SPIN>0</USE_FAST_SPIN>
			</DYNAMICS>
		</MODEL>
		<MODEL id="bip01 l foot" type="dynamics_and_geometry" geometry="bip01 l foot">
			<DYNAMICS>
				<MASS>0.01188972</MASS>
				<DENSITY>1</DENSITY>
				<MASS_OFFSET>0.04975294,-0.08596082,5.49452e-009</MASS_OFFSET>
				<INERTIA>6.963225e-005,2.856448e-005,-3.31856e-012,3.681259e-005,5.494324e-012,8.616498e-005</INERTIA>
				<LIN_DAMP>0</LIN_DAMP>
				<ANG_DAMP>0</ANG_DAMP>
				<FAST_SPIN>0,1,0</FAST_SPIN>
				<USE_FAST_SPIN>0</USE_FAST_SPIN>
			</DYNAMICS>
		</MODEL>
		<MODEL id="bip01 l forearm" type="dynamics_and_geometry" geometry="bip01 l forearm">
			<DYNAMICS>
				<MASS>0.01623263</MASS>
				<DENSITY>1</DENSITY>
				<MASS_OFFSET>0.1884184,1.871951e-008,2.422835e-008</MASS_OFFSET>
				<INERTIA>2.333232e-005,-2.942088e-011,2.026569e-012,0.0002840976,2.421174e-011,0.0002840976</INERTIA>
				<LIN_DAMP>0</LIN_DAMP>
				<ANG_DAMP>0</ANG_DAMP>
				<FAST_SPIN>0,1,0</FAST_SPIN>
				<USE_FAST_SPIN>0</USE_FAST_SPIN>
			</DYNAMICS>
		</MODEL>
		<MODEL id="bip01 l hand" type="dynamics_and_geometry" geometry="bip01 l hand">
			<DYNAMICS>
				<MASS>0.009026357</MASS>
				<DENSITY>1</DENSITY>
				<MASS_OFFSET>0.08195835,-0.003628343,-0.0005765229</MASS_OFFSET>
				<INERTIA>1.36881e-005,1.578089e-006,2.507464e-007,4.926505e-005,-1.110102e-008,4.933315e-005</INERTIA>
				<LIN_DAMP>0</LIN_DAMP>
				<ANG_DAMP>0</ANG_DAMP>
				<FAST_SPIN>0,1,0</FAST_SPIN>
				<USE_FAST_SPIN>0</USE_FAST_SPIN>
			</DYNAMICS>
		</MODEL>
		<MODEL id="bip01 l thigh" type="dynamics_and_geometry" geometry="bip01 l thigh">
			<DYNAMICS>
				<MASS>0.1541606</MASS>
				<DENSITY>1</DENSITY>
				<MASS_OFFSET>0.332554,5.764597e-009,1.436095e-008</MASS_OFFSET>
				<INERTIA>0.00114018,1.93116e-010,3.547957e-011,0.009383597,9.732434e-011,0.009383597</INERTIA>
				<LIN_DAMP>0</LIN_DAMP>
				<ANG_DAMP>0</ANG_DAMP>
				<FAST_SPIN>0,1,0</FAST_SPIN>
				<USE_FAST_SPIN>0</USE_FAST_SPIN>
			</DYNAMICS>
		</MODEL>
		<MODEL id="bip01 l upperarm" type="dynamics_and_geometry" geometry="bip01 l upperarm">
			<DYNAMICS>
				<MASS>0.03507673</MASS>
				<DENSITY>1</DENSITY>
				<MASS_OFFSET>0.1884184,-3.51703e-008,4.794189e-008</MASS_OFFSET>
				<INERTIA>0.0001020359,-2.12925e-011,1.727259e-011,0.000722165,4.943248e-012,0.000722165</INERTIA>
				<LIN_DAMP>0</LIN_DAMP>
				<ANG_DAMP>0</ANG_DAMP>
				<FAST_SPIN>0,1,0</FAST_SPIN>
				<USE_FAST_SPIN>0</USE_FAST_SPIN>
			</DYNAMICS>
		</MODEL>
		<MODEL id="bip01 neck" type="dynamics_and_geometry" geometry="bip01 neck">
			<DYNAMICS>
				<MASS>0.001749665</MASS>
				<DENSITY>1</DENSITY>
				<MASS_OFFSET>0.07387547,0.00639678,-0.0006784248</MASS_OFFSET>
				<INERTIA>1.550656e-006,0,0,1.550656e-006,0,1.550656e-006</INERTIA>
				<LIN_DAMP>0</LIN_DAMP>
				<ANG_DAMP>0</ANG_DAMP>
				<FAST_SPIN>0,1,0</FAST_SPIN>
				<USE_FAST_SPIN>0</USE_FAST_SPIN>
			</DYNAMICS>
		</MODEL>
		<MODEL id="bip01 pelvis" type="dynamics_and_geometry" geometry="bip01 pelvis">
			<DYNAMICS>
				<MASS>0.13103</MASS>
				<DENSITY>1</DENSITY>
				<MASS_OFFSET>0.1027103,8.621957e-005,-6.489834e-006</MASS_OFFSET>
				<INERTIA>0.001634733,-9.10427e-007,6.849208e-008,0.002719268,5.604658e-011,0.002719269</INERTIA>
				<LIN_DAMP>0</LIN_DAMP>
				<ANG_DAMP>0</ANG_DAMP>
				<FAST_SPIN>0,1,0</FAST_SPIN>
				<USE_FAST_SPIN>0</USE_FAST_SPIN>
			</DYNAMICS>
		</MODEL>
		<MODEL id="bip01 r calf" type="dynamics_and_geometry" geometry="bip01 r calf">
			<DYNAMICS>
				<MASS>0.050471</MASS>
				<DENSITY>1</DENSITY>
				<MASS_OFFSET>0.2898967,1.364574e-008,-2.152827e-008</MASS_OFFSET>
				<INERTIA>0.0001482855,3.173867e-011,4.950705e-011,0.002034074,1.818849e-012,0.002034074</INERTIA>
				<LIN_DAMP>0</LIN_DAMP>
				<ANG_DAMP>0</ANG_DAMP>
				<FAST_SPIN>0,1,0</FAST_SPIN>
				<USE_FAST_SPIN>0</USE_FAST_SPIN>
			</DYNAMICS>
		</MODEL>
		<MODEL id="bip01 r clavicle" type="dynamics_and_geometry" geometry="bip01 r clavicle">
			<DYNAMICS>
				<MASS>0.02485913</MASS>
				<DENSITY>1</DENSITY>
				<MASS_OFFSET>0.08164798,1.424352e-008,3.810199e-008</MASS_OFFSET>
				<INERTIA>8.875935e-005,-2.552424e-011,9.604665e-011,0.000202953,-9.462956e-012,0.000202953</INERTIA>
				<LIN_DAMP>0</LIN_DAMP>
				<ANG_DAMP>0</ANG_DAMP>
				<FAST_SPIN>0,1,0</FAST_SPIN>
				<USE_FAST_SPIN>0</USE_FAST_SPIN>
			</DYNAMICS>
		</MODEL>
		<MODEL id="bip01 r foot" type="dynamics_and_geometry" geometry="bip01 r foot">
			<DYNAMICS>
				<MASS>0.01125959</MASS>
				<DENSITY>1</DENSITY>
				<MASS_OFFSET>0.04985621,-0.07436952,-7.672637e-009</MASS_OFFSET>
				<INERTIA>5.590244e-005,2.438938e-005,2.362851e-012,3.587156e-005,-2.905385e-012,7.225269e-005</INERTIA>
				<LIN_DAMP>0</LIN_DAMP>
				<ANG_DAMP>0</ANG_DAMP>
				<FAST_SPIN>0,1,0</FAST_SPIN>
				<USE_FAST_SPIN>0</USE_FAST_SPIN>
			</DYNAMICS>
		</MODEL>
		<MODEL id="bip01 r forearm" type="dynamics_and_geometry" geometry="bip01 r forearm">
			<DYNAMICS>
				<MASS>0.02169575</MASS>
				<DENSITY>1</DENSITY>
				<MASS_OFFSET>0.1884184,-3.888935e-008,-4.172827e-008</MASS_OFFSET>
				<INERTIA>4.074578e-005,4.428059e-011,2.875491e-011,0.0004013826,-3.160247e-011,0.0004013826</INERTIA>
				<LIN_DAMP>0</LIN_DAMP>
				<ANG_DAMP>0</ANG_DAMP>
				<FAST_SPIN>0,1,0</FAST_SPIN>
				<USE_FAST_SPIN>0</USE_FAST_SPIN>
			</DYNAMICS>
		</MODEL>
		<MODEL id="bip01 r hand" type="dynamics_and_geometry" geometry="bip01 r hand">
			<DYNAMICS>
				<MASS>0.01288942</MASS>
				<DENSITY>1</DENSITY>
				<MASS_OFFSET>0.1174565,-7.67832e-010,2.900753e-008</MASS_OFFSET>
				<INERTIA>2.117278e-005,1.227319e-011,-7.124594e-012,0.0001150198,-9.09976e-013,0.0001150198</INERTIA>
				<LIN_DAMP>0</LIN_DAMP>
				<ANG_DAMP>0</ANG_DAMP>
				<FAST_SPIN>0,1,0</FAST_SPIN>
				<USE_FAST_SPIN>0</USE_FAST_SPIN>
			</DYNAMICS>
		</MODEL>
		<MODEL id="bip01 r thigh" type="dynamics_and_geometry" geometry="bip01 r thigh">
			<DYNAMICS>
				<MASS>0.1159447</MASS>
				<DENSITY>1</DENSITY>
				<MASS_OFFSET>0.3325542,3.064766e-008,-3.526975e-008</MASS_OFFSET>
				<INERTIA>0.0006608543,-3.920834e-010,6.705548e-010,0.006643951,-4.017103e-011,0.006643951</INERTIA>
				<LIN_DAMP>0</LIN_DAMP>
				<ANG_DAMP>0</ANG_DAMP>
				<FAST_SPIN>0,1,0</FAST_SPIN>
				<USE_FAST_SPIN>0</USE_FAST_SPIN>
			</DYNAMICS>
		</MODEL>
		<MODEL id="bip01 r upperarm" type="dynamics_and_geometry" geometry="bip01 r upperarm">
			<DYNAMICS>
				<MASS>0.02411197</MASS>
				<DENSITY>1</DENSITY>
				<MASS_OFFSET>0.1884185,1.359994e-009,6.3431e-008</MASS_OFFSET>
				<INERTIA>4.988389e-005,-7.428133e-012,-7.525683e-011,0.0004559364,-3.494688e-011,0.0004559364</INERTIA>
				<LIN_DAMP>0</LIN_DAMP>
				<ANG_DAMP>0</ANG_DAMP>
				<FAST_SPIN>0,1,0</FAST_SPIN>
				<USE_FAST_SPIN>0</USE_FAST_SPIN>
			</DYNAMICS>
		</MODEL>
		<MODEL id="bip01 spine" type="dynamics_and_geometry" geometry="bip01 spine">
			<DYNAMICS>
				<MASS>0.02663802</MASS>
				<DENSITY>1</DENSITY>
				<MASS_OFFSET>0.0873123,-0.008211289,-0.0009998322</MASS_OFFSET>
				<INERTIA>0.0001450198,0,0,0.0001450198,0,0.0001450198</INERTIA>
				<LIN_DAMP>0</LIN_DAMP>
				<ANG_DAMP>0</ANG_DAMP>
				<FAST_SPIN>0,1,0</FAST_SPIN>
				<USE_FAST_SPIN>0</USE_FAST_SPIN>
			</DYNAMICS>
		</MODEL>
		<MODEL id="bip01 spine1" type="dynamics_and_geometry" geometry="bip01 spine1">
			<DYNAMICS>
				<MASS>0.09784799</MASS>
				<DENSITY>1</DENSITY>
				<MASS_OFFSET>0.108873,7.076893e-005,-2.972704e-009</MASS_OFFSET>
				<INERTIA>0.0009419493,-5.585362e-007,9.828248e-012,0.001801225,3.703883e-014,0.001801225</INERTIA>
				<LIN_DAMP>0</LIN_DAMP>
				<ANG_DAMP>0</ANG_DAMP>
				<FAST_SPIN>0,1,0</FAST_SPIN>
				<USE_FAST_SPIN>0</USE_FAST_SPIN>
			</DYNAMICS>
		</MODEL>
		<MODEL id="bip01 spine2" type="dynamics_and_geometry" geometry="bip01 spine2">
			<DYNAMICS>
				<MASS>0.1136431</MASS>
				<DENSITY>1</DENSITY>
				<MASS_OFFSET>0.08960618,5.539902e-005,-2.22779e-009</MASS_OFFSET>
				<INERTIA>0.001333809,-4.54475e-007,-1.722139e-011,0.002068932,-5.971313e-013,0.002068932</INERTIA>
				<LIN_DAMP>0</LIN_DAMP>
				<ANG_DAMP>0</ANG_DAMP>
				<FAST_SPIN>0,1,0</FAST_SPIN>
				<USE_FAST_SPIN>0</USE_FAST_SPIN>
			</DYNAMICS>
		</MODEL>
		<PART id="bip01" model="bip01">
			<TM>0.9995442,0.01385332,-0.02682366,0,-0.01385831,0.999904,8.731149e-011,0,0.02682109,0.0003717305,0.9996402,0,0.1555104,-0.08739656,1.296633,1</TM>
		</PART>
		<PART id="bip01 head" model="bip01 head" parent="bip01 neck">
			<TM>-0.05152422,0.001339908,0.9986709,0,-0.9985777,-0.01379617,-0.05150095,0,0.01370883,-0.9999039,0.002048838,0,0.05458567,-0.08611866,2.244961,1</TM>
		</PART>
		<PART id="bip01 l calf" model="bip01 l calf" parent="bip01 l thigh">
			<TM>-0.2706047,-0.1971383,-0.9422895,0,-0.9606408,-0.008540754,0.2776616,0,-0.06278562,0.9803384,-0.187068,0,0.08070789,-0.3415614,0.6485736,1</TM>
		</PART>
		<PART id="bip01 l clavicle" model="bip01 l clavicle" parent="bip01 neck">
			<TM>0.0001295697,-0.9999775,0.006692575,0,0.9856855,0.001256047,0.1685896,0,-0.1685942,0.006574931,0.9856636,0,0.05736147,-0.1310232,2.104558,1</TM>
		</PART>
		<PART id="bip01 l foot" model="bip01 l foot" parent="bip01 l calf">
			<TM>-0.01414355,0.01367991,-0.9998063,0,-0.9998429,-0.01086606,0.01399532,0,-0.0106725,0.9998473,0.01383144,0,-0.07618688,-0.4558609,0.1022405,1</TM>
		</PART>
		<PART id="bip01 l forearm" model="bip01 l forearm" parent="bip01 l upperarm">
			<TM>0.8376096,-0.1700032,-0.5191424,0,0.5358613,0.4403309,0.7203897,0,0.1061259,-0.8815937,0.4599236,0,-0.03570403,-0.4719604,1.786616,1</TM>
		</PART>
		<PART id="bip01 l hand" model="bip01 l hand" parent="bip01 l forearm">
			<TM>0.8376096,-0.1700032,-0.5191424,0,0.1065525,-0.8812429,0.460497,0,-0.5357766,-0.4410326,-0.7200233,0,0.2799381,-0.5360238,1.590984,1</TM>
		</PART>
		<PART id="bip01 l thigh" model="bip01 l thigh" parent="bip01 spine">
			<TM>-0.115084,-0.193299,-0.9743671,0,-0.9913695,-0.03964767,0.1249576,0,-0.06278557,0.9803385,-0.1870679,0,0.1572511,-0.2129967,1.296633,1</TM>
		</PART>
		<PART id="bip01 l upperarm" model="bip01 l upperarm" parent="bip01 l clavicle">
			<TM>-0.2470211,-0.4714103,-0.8466126,0,0.9631811,-0.02376327,-0.267801,0,0.1061259,-0.8815937,0.4599236,0,0.05738262,-0.2943156,2.105651,1</TM>
		</PART>
		<PART id="bip01 neck" model="bip01 neck" parent="bip01 spine2">
			<TM>-0.01888803,0.006688881,0.9997993,0,-0.9998215,-0.0002587099,-0.01888677,0,0.000132327,-0.9999775,0.006692573,0,0.05724373,-0.08705996,2.104262,1</TM>
		</PART>
		<PART id="bip01 pelvis" model="bip01 pelvis" parent="bip01">
			<TM>0.0268211,0.0003731315,0.9996402,0,-0.9995442,-0.01385192,0.02682366,0,0.01385695,-0.999904,1.43769e-006,0,0.1555104,-0.08739656,1.296633,1</TM>
		</PART>
		<PART id="bip01 r calf" model="bip01 r calf" parent="bip01 r thigh">
			<TM>-0.2461477,0.1123685,-0.9626967,0,-0.967495,-0.08793343,0.2371107,0,-0.05800945,0.9897682,0.1303606,0,0.3221469,0.1319151,0.6600512,1</TM>
		</PART>
		<PART id="bip01 r clavicle" model="bip01 r clavicle" parent="bip01 neck">
			<TM>-0.0001295697,0.9999775,-0.006692575,0,0.9856855,0.001256047,0.1685896,0,0.1685942,-0.006574931,-0.9856636,0,0.05735008,-0.04309665,2.10397,1</TM>
		</PART>
		<PART id="bip01 r foot" model="bip01 r foot" parent="bip01 r calf">
			<TM>0.003919925,0.001129411,-0.9999918,0,-0.999897,-0.01381219,-0.003935211,0,-0.01381653,0.999904,0.001075149,0,0.1794321,0.1970656,0.1018862,1</TM>
		</PART>
		<PART id="bip01 r forearm" model="bip01 r forearm" parent="bip01 r upperarm">
			<TM>0.4434136,0.2281548,-0.8667928,0,0.8079233,-0.5205015,0.2762936,0,-0.3881293,-0.8228144,-0.415129,0,0.08080821,0.2807219,1.76275,1</TM>
		</PART>
		<PART id="bip01 r hand" model="bip01 r hand" parent="bip01 r forearm">
			<TM>0.2926302,-0.01421756,-0.95612,0,0.7805746,0.5811048,0.2302617,0,0.5523322,-0.8137044,0.1811467,0,0.2479028,0.3666991,1.436111,1</TM>
		</PART>
		<PART id="bip01 r thigh" model="bip01 r thigh" parent="bip01 spine">
			<TM>0.2531577,0.1408966,-0.95711,0,-0.9656844,-0.02251962,-0.2587408,0,-0.05800944,0.9897682,0.1303606,0,0.1537696,0.0382037,1.296633,1</TM>
		</PART>
		<PART id="bip01 r upperarm" model="bip01 r upperarm" parent="bip01 r clavicle">
			<TM>0.06230628,0.4259836,-0.9025829,0,0.9194964,-0.3761839,-0.1140701,0,-0.3881292,-0.8228144,-0.4151291,0,0.05732893,0.1201957,2.102877,1</TM>
		</PART>
		<PART id="bip01 spine" model="bip01 spine" parent="bip01 pelvis">
			<TM>-0.04315161,-0.01062591,0.9990121,0,-0.9971596,0.06224288,-0.04240959,0,-0.06173075,-0.9980044,-0.01328161,0,0.1608475,-0.08730933,1.501984,1</TM>
		</PART>
		<PART id="bip01 spine1" model="bip01 spine1" parent="bip01 spine">
			<TM>-0.2926557,0.006361639,0.9561968,0,-0.9562179,-0.002085291,-0.2926483,0,0.0001322261,-0.9999776,0.006693384,0,0.1512864,-0.08962324,1.719446,1</TM>
		</PART>
		<PART id="bip01 spine2" model="bip01 spine2" parent="bip01 spine1">
			<TM>-0.1678092,0.006575954,0.9857976,0,-0.9858195,-0.001253637,-0.1678047,0,0.0001323569,-0.9999776,0.006693074,0,0.08742646,-0.08823831,1.927613,1</TM>
		</PART>
		<NO_COLLISION part1="bip01" part2="bip01 pelvis"></NO_COLLISION>
		<NO_COLLISION part1="bip01 head" part2="bip01 l clavicle"></NO_COLLISION>
		<NO_COLLISION part1="bip01 head" part2="bip01 neck"></NO_COLLISION>
		<NO_COLLISION part1="bip01 head" part2="bip01 r clavicle"></NO_COLLISION>
		<NO_COLLISION part1="bip01 head" part2="bip01 spine2"></NO_COLLISION>
		<NO_COLLISION part1="bip01 l calf" part2="bip01 l foot"></NO_COLLISION>
		<NO_COLLISION part1="bip01 l calf" part2="bip01 l thigh"></NO_COLLISION>
		<NO_COLLISION part1="bip01 l clavicle" part2="bip01 l upperarm"></NO_COLLISION>
		<NO_COLLISION part1="bip01 l clavicle" part2="bip01 neck"></NO_COLLISION>
		<NO_COLLISION part1="bip01 l clavicle" part2="bip01 r clavicle"></NO_COLLISION>
		<NO_COLLISION part1="bip01 l clavicle" part2="bip01 spine1"></NO_COLLISION>
		<NO_COLLISION part1="bip01 l clavicle" part2="bip01 spine2"></NO_COLLISION>
		<NO_COLLISION part1="bip01 l forearm" part2="bip01 l hand"></NO_COLLISION>
		<NO_COLLISION part1="bip01 l forearm" part2="bip01 l upperarm"></NO_COLLISION>
		<NO_COLLISION part1="bip01 l thigh" part2="bip01 pelvis"></NO_COLLISION>
		<NO_COLLISION part1="bip01 l thigh" part2="bip01 spine"></NO_COLLISION>
		<NO_COLLISION part1="bip01 l upperarm" part2="bip01 spine2"></NO_COLLISION>
		<NO_COLLISION part1="bip01 neck" part2="bip01 r clavicle"></NO_COLLISION>
		<NO_COLLISION part1="bip01 neck" part2="bip01 spine2"></NO_COLLISION>
		<NO_COLLISION part1="bip01 pelvis" part2="bip01 r thigh"></NO_COLLISION>
		<NO_COLLISION part1="bip01 pelvis" part2="bip01 spine"></NO_COLLISION>
		<NO_COLLISION part1="bip01 pelvis" part2="bip01 spine1"></NO_COLLISION>
		<NO_COLLISION part1="bip01 r calf" part2="bip01 r foot"></NO_COLLISION>
		<NO_COLLISION part1="bip01 r calf" part2="bip01 r thigh"></NO_COLLISION>
		<NO_COLLISION part1="bip01 r clavicle" part2="bip01 r upperarm"></NO_COLLISION>
		<NO_COLLISION part1="bip01 r clavicle" part2="bip01 spine1"></NO_COLLISION>
		<NO_COLLISION part1="bip01 r clavicle" part2="bip01 spine2"></NO_COLLISION>
		<NO_COLLISION part1="bip01 r forearm" part2="bip01 r hand"></NO_COLLISION>
		<NO_COLLISION part1="bip01 r forearm" part2="bip01 r upperarm"></NO_COLLISION>
		<NO_COLLISION part1="bip01 r thigh" part2="bip01 spine"></NO_COLLISION>
		<NO_COLLISION part1="bip01 r upperarm" part2="bip01 spine2"></NO_COLLISION>
		<NO_COLLISION part1="bip01 spine" part2="bip01 spine1"></NO_COLLISION>
		<NO_COLLISION part1="bip01 spine1" part2="bip01 spine2"></NO_COLLISION>
		<JOINT id="bip01 head" part1="bip01 head" part2="bip01 neck" type="hinge">
			<HIGH_LIMIT>0.4</HIGH_LIMIT>
			<LOW_LIMIT>-0.4</LOW_LIMIT>
			<HIGH_STIFFNESS>1000</HIGH_STIFFNESS>
			<LOW_STIFFNESS>1000</LOW_STIFFNESS>
			<LIMITED>1</LIMITED>
			<MOTORIZED>0</MOTORIZED>
			<DES_VEL>1</DES_VEL>
			<MAX_FORCE>1000</MAX_FORCE>
			<POS1>0,0,0</POS1>
			<POS2>0.1407273,6.247477e-010,1.832426e-009</POS2>
			<PRIMARY_AXIS1>1,0,0</PRIMARY_AXIS1>
			<PRIMARY_AXIS2>0.9994525,0.03265301,0.005336982</PRIMARY_AXIS2>
			<ORTHOGONAL_AXIS1>0,1,0</ORTHOGONAL_AXIS1>
			<ORTHOGONAL_AXIS2>-0.03272172,0.9993757,0.01331905</ORTHOGONAL_AXIS2>
		</JOINT>
		<JOINT id="bip01 l calf" part1="bip01 l calf" part2="bip01 l thigh" type="hinge">
			<HIGH_LIMIT>0.4</HIGH_LIMIT>
			<LOW_LIMIT>-0.4</LOW_LIMIT>
			<HIGH_STIFFNESS>1000</HIGH_STIFFNESS>
			<LOW_STIFFNESS>1000</LOW_STIFFNESS>
			<LIMITED>1</LIMITED>
			<MOTORIZED>0</MOTORIZED>
			<DES_VEL>1</DES_VEL>
			<MAX_FORCE>1000</MAX_FORCE>
			<POS1>0,0,0</POS1>
			<POS2>0.6651081,2.599974e-008,9.054299e-009</POS2>
			<PRIMARY_AXIS1>1,0,0</PRIMARY_AXIS1>
			<PRIMARY_AXIS2>0.9873847,0.1583391,-5.930175e-008</PRIMARY_AXIS2>
			<ORTHOGONAL_AXIS1>0,1,0</ORTHOGONAL_AXIS1>
			<ORTHOGONAL_AXIS2>-0.1583391,0.9873846,-3.423106e-008</ORTHOGONAL_AXIS2>
		</JOINT>
		<JOINT id="bip01 l clavicle" part1="bip01 l clavicle" part2="bip01 neck" type="hinge">
			<HIGH_LIMIT>0.4</HIGH_LIMIT>
			<LOW_LIMIT>-0.4</LOW_LIMIT>
			<HIGH_STIFFNESS>1000</HIGH_STIFFNESS>
			<LOW_STIFFNESS>1000</LOW_STIFFNESS>
			<LIMITED>1</LIMITED>
			<MOTORIZED>0</MOTORIZED>
			<DES_VEL>1</DES_VEL>
			<MAX_FORCE>1000</MAX_FORCE>
			<POS1>0,0,0</POS1>
			<POS2>2.384593e-008,-0.0001119361,0.04396428</POS2>
			<PRIMARY_AXIS1>1,0,0</PRIMARY_AXIS1>
			<PRIMARY_AXIS2>5.308967e-008,2.756366e-006,0.9999999</PRIMARY_AXIS2>
			<ORTHOGONAL_AXIS1>0,1,0</ORTHOGONAL_AXIS1>
			<ORTHOGONAL_AXIS2>0.1499465,-0.9886941,2.71228e-006</ORTHOGONAL_AXIS2>
		</JOINT>
		<JOINT id="bip01 l foot" part1="bip01 l foot" part2="bip01 l calf" type="hinge">
			<HIGH_LIMIT>0.4</HIGH_LIMIT>
			<LOW_LIMIT>-0.4</LOW_LIMIT>
			<HIGH_STIFFNESS>1000</HIGH_STIFFNESS>
			<LOW_STIFFNESS>1000</LOW_STIFFNESS>
			<LIMITED>1</LIMITED>
			<MOTORIZED>0</MOTORIZED>
			<DES_VEL>1</DES_VEL>
			<MAX_FORCE>1000</MAX_FORCE>
			<POS1>0,0,0</POS1>
			<POS2>0.5797932,-2.969099e-009,-1.071338e-008</POS2>
			<PRIMARY_AXIS1>1,0,0</PRIMARY_AXIS1>
			<PRIMARY_AXIS2>0.9432375,-0.2641378,0.2013307</PRIMARY_AXIS2>
			<ORTHOGONAL_AXIS1>0,1,0</ORTHOGONAL_AXIS1>
			<ORTHOGONAL_AXIS2>0.2595167,0.9644687,0.04950526</ORTHOGONAL_AXIS2>
		</JOINT>
		<JOINT id="bip01 l forearm" part1="bip01 l forearm" part2="bip01 l upperarm" type="hinge">
			<HIGH_LIMIT>0.4</HIGH_LIMIT>
			<LOW_LIMIT>-0.4</LOW_LIMIT>
			<HIGH_STIFFNESS>1000</HIGH_STIFFNESS>
			<LOW_STIFFNESS>1000</LOW_STIFFNESS>
			<LIMITED>1</LIMITED>
			<MOTORIZED>0</MOTORIZED>
			<DES_VEL>1</DES_VEL>
			<MAX_FORCE>1000</MAX_FORCE>
			<POS1>0,0,0</POS1>
			<POS2>0.3768368,-2.971158e-009,-5.836337e-008</POS2>
			<PRIMARY_AXIS1>1,0,0</PRIMARY_AXIS1>
			<PRIMARY_AXIS2>0.3127466,0.9498364,5.643713e-009</PRIMARY_AXIS2>
			<ORTHOGONAL_AXIS1>0,1,0</ORTHOGONAL_AXIS1>
			<ORTHOGONAL_AXIS2>-0.9498365,0.3127466,5.040791e-009</ORTHOGONAL_AXIS2>
		</JOINT>
		<JOINT id="bip01 l hand" part1="bip01 l hand" part2="bip01 l forearm" type="hinge">
			<HIGH_LIMIT>0.4</HIGH_LIMIT>
			<LOW_LIMIT>-0.4</LOW_LIMIT>
			<HIGH_STIFFNESS>1000</HIGH_STIFFNESS>
			<LOW_STIFFNESS>1000</LOW_STIFFNESS>
			<LIMITED>1</LIMITED>
			<MOTORIZED>0</MOTORIZED>
			<DES_VEL>1</DES_VEL>
			<MAX_FORCE>1000</MAX_FORCE>
			<POS1>0,0,0</POS1>
			<POS2>0.3768368,3.632632e-008,-3.882572e-008</POS2>
			<PRIMARY_AXIS1>1,0,0</PRIMARY_AXIS1>
			<PRIMARY_AXIS2>0.9999998,1.342366e-008,-4.234215e-008</PRIMARY_AXIS2>
			<ORTHOGONAL_AXIS1>0,1,0</ORTHOGONAL_AXIS1>
			<ORTHOGONAL_AXIS2>1.40926e-008,0.0007961874,0.9999996</ORTHOGONAL_AXIS2>
		</JOINT>
		<JOINT id="bip01 l thigh" part1="bip01 l thigh" part2="bip01 spine" type="skeletal">
			<CONE_TYPE>2</CONE_TYPE>
			<CONE_HALF_ANGLE_X>0.7853982</CONE_HALF_ANGLE_X>
			<CONE_HALF_ANGLE_Y>0.7853982</CONE_HALF_ANGLE_Y>
			<CONE_STIFFNESS>1000</CONE_STIFFNESS>
			<CONE_DAMPING>1</CONE_DAMPING>
			<TWIST_TYPE>2</TWIST_TYPE>
			<TWIST_HALF_ANGLE>1.570796</TWIST_HALF_ANGLE>
			<TWIST_STIFFNESS>1000</TWIST_STIFFNESS>
			<TWIST_DAMPING>1</TWIST_DAMPING>
			<POS1>0,0,0</POS1>
			<POS2>-0.2036578,0.004471819,0.128386</POS2>
			<PRIMARY_AXIS1>1,0,0</PRIMARY_AXIS1>
			<PRIMARY_AXIS2>-0.9663844,0.1440481,0.2129586</PRIMARY_AXIS2>
			<ORTHOGONAL_AXIS1>0,1,0</ORTHOGONAL_AXIS1>
			<ORTHOGONAL_AXIS2>0.1680346,0.9807865,0.09910689</ORTHOGONAL_AXIS2>
		</JOINT>
		<JOINT id="bip01 l upperarm" part1="bip01 l upperarm" part2="bip01 l clavicle" type="skeletal">
			<CONE_TYPE>2</CONE_TYPE>
			<CONE_HALF_ANGLE_X>0.7853982</CONE_HALF_ANGLE_X>
			<CONE_HALF_ANGLE_Y>0.7853982</CONE_HALF_ANGLE_Y>
			<CONE_STIFFNESS>1000</CONE_STIFFNESS>
			<CONE_DAMPING>1</CONE_DAMPING>
			<TWIST_TYPE>2</TWIST_TYPE>
			<TWIST_HALF_ANGLE>1.570796</TWIST_HALF_ANGLE>
			<TWIST_STIFFNESS>1000</TWIST_STIFFNESS>
			<TWIST_DAMPING>1</TWIST_DAMPING>
			<POS1>0,0,0</POS1>
			<POS2>0.163296,-1.207556e-008,-7.588068e-008</POS2>
			<PRIMARY_AXIS1>1,0,0</PRIMARY_AXIS1>
			<PRIMARY_AXIS2>0.4657017,-0.3868073,-0.7959284</PRIMARY_AXIS2>
			<ORTHOGONAL_AXIS1>0,1,0</ORTHOGONAL_AXIS1>
			<ORTHOGONAL_AXIS2>0.02209526,0.9042153,-0.4265047</ORTHOGONAL_AXIS2>
		</JOINT>
		<JOINT id="bip01 neck" part1="bip01 neck" part2="bip01 spine2" type="skeletal">
			<CONE_TYPE>2</CONE_TYPE>
			<CONE_HALF_ANGLE_X>0.7853982</CONE_HALF_ANGLE_X>
			<CONE_HALF_ANGLE_Y>0.7853982</CONE_HALF_ANGLE_Y>
			<CONE_STIFFNESS>1000</CONE_STIFFNESS>
			<CONE_DAMPING>1</CONE_DAMPING>
			<TWIST_TYPE>2</TWIST_TYPE>
			<TWIST_HALF_ANGLE>1.570796</TWIST_HALF_ANGLE>
			<TWIST_STIFFNESS>1000</TWIST_STIFFNESS>
			<TWIST_DAMPING>1</TWIST_DAMPING>
			<POS1>0,0,0</POS1>
			<POS2>0.1792126,0.000110769,1.88674e-009</POS2>
			<PRIMARY_AXIS1>1,0,0</PRIMARY_AXIS1>
			<PRIMARY_AXIS2>0.9888133,-0.1491592,4.99135e-007</PRIMARY_AXIS2>
			<ORTHOGONAL_AXIS1>0,1,0</ORTHOGONAL_AXIS1>
			<ORTHOGONAL_AXIS2>0.1491591,0.9888132,-3.974985e-008</ORTHOGONAL_AXIS2>
		</JOINT>
		<JOINT id="bip01 pelvis" part1="bip01 pelvis" part2="bip01" type="hinge">
			<HIGH_LIMIT>0.4</HIGH_LIMIT>
			<LOW_LIMIT>-0.4</LOW_LIMIT>
			<HIGH_STIFFNESS>1000</HIGH_STIFFNESS>
			<LOW_STIFFNESS>1000</LOW_STIFFNESS>
			<LIMITED>1</LIMITED>
			<MOTORIZED>0</MOTORIZED>
			<DES_VEL>1</DES_VEL>
			<MAX_FORCE>1000</MAX_FORCE>
			<POS1>0,0,0</POS1>
			<POS2>2.373424e-009,1.818641e-009,2.339308e-008</POS2>
			<PRIMARY_AXIS1>1,0,0</PRIMARY_AXIS1>
			<PRIMARY_AXIS2>3.318794e-008,1.400711e-006,1</PRIMARY_AXIS2>
			<ORTHOGONAL_AXIS1>0,1,0</ORTHOGONAL_AXIS1>
			<ORTHOGONAL_AXIS2>-1,1.400545e-006,-2.087966e-009</ORTHOGONAL_AXIS2>
		</JOINT>
		<JOINT id="bip01 r calf" part1="bip01 r calf" part2="bip01 r thigh" type="hinge">
			<HIGH_LIMIT>0.4</HIGH_LIMIT>
			<LOW_LIMIT>-0.4</LOW_LIMIT>
			<HIGH_STIFFNESS>1000</HIGH_STIFFNESS>
			<LOW_STIFFNESS>1000</LOW_STIFFNESS>
			<LIMITED>1</LIMITED>
			<MOTORIZED>0</MOTORIZED>
			<DES_VEL>1</DES_VEL>
			<MAX_FORCE>1000</MAX_FORCE>
			<POS1>0,0,0</POS1>
			<POS2>0.6651083,4.754434e-008,-6.828016e-008</POS2>
			<PRIMARY_AXIS1>1,0,0</PRIMARY_AXIS1>
			<PRIMARY_AXIS2>0.8749248,0.4842594,-7.418824e-008</PRIMARY_AXIS2>
			<ORTHOGONAL_AXIS1>0,1,0</ORTHOGONAL_AXIS1>
			<ORTHOGONAL_AXIS2>-0.4842593,0.8749248,1.965159e-008</ORTHOGONAL_AXIS2>
		</JOINT>
		<JOINT id="bip01 r clavicle" part1="bip01 r clavicle" part2="bip01 neck" type="hinge">
			<HIGH_LIMIT>0.4</HIGH_LIMIT>
			<LOW_LIMIT>-0.4</LOW_LIMIT>
			<HIGH_STIFFNESS>1000</HIGH_STIFFNESS>
			<LOW_STIFFNESS>1000</LOW_STIFFNESS>
			<LIMITED>1</LIMITED>
			<MOTORIZED>0</MOTORIZED>
			<DES_VEL>1</DES_VEL>
			<MAX_FORCE>1000</MAX_FORCE>
			<POS1>0,0,0</POS1>
			<POS2>1.087233e-007,-0.0001121814,-0.04396427</POS2>
			<PRIMARY_AXIS1>1,0,0</PRIMARY_AXIS1>
			<PRIMARY_AXIS2>-5.308967e-008,-2.756366e-006,-0.9999999</PRIMARY_AXIS2>
			<ORTHOGONAL_AXIS1>0,1,0</ORTHOGONAL_AXIS1>
			<ORTHOGONAL_AXIS2>0.1499465,-0.9886941,2.71218e-006</ORTHOGONAL_AXIS2>
		</JOINT>
		<JOINT id="bip01 r foot" part1="bip01 r foot" part2="bip01 r calf" type="hinge">
			<HIGH_LIMIT>0.4</HIGH_LIMIT>
			<LOW_LIMIT>-0.4</LOW_LIMIT>
			<HIGH_STIFFNESS>1000</HIGH_STIFFNESS>
			<LOW_STIFFNESS>1000</LOW_STIFFNESS>
			<LIMITED>1</LIMITED>
			<MOTORIZED>0</MOTORIZED>
			<DES_VEL>1</DES_VEL>
			<MAX_FORCE>1000</MAX_FORCE>
			<POS1>0,0,0</POS1>
			<POS2>0.5797934,2.324973e-008,-4.012806e-008</POS2>
			<PRIMARY_AXIS1>1,0,0</PRIMARY_AXIS1>
			<PRIMARY_AXIS2>0.9618509,-0.2410005,-0.129469</PRIMARY_AXIS2>
			<ORTHOGONAL_AXIS1>0,1,0</ORTHOGONAL_AXIS1>
			<ORTHOGONAL_AXIS2>0.2483587,0.9676768,0.0438196</ORTHOGONAL_AXIS2>
		</JOINT>
		<JOINT id="bip01 r forearm" part1="bip01 r forearm" part2="bip01 r upperarm" type="hinge">
			<HIGH_LIMIT>0.4</HIGH_LIMIT>
			<LOW_LIMIT>-0.4</LOW_LIMIT>
			<HIGH_STIFFNESS>1000</HIGH_STIFFNESS>
			<LOW_STIFFNESS>1000</LOW_STIFFNESS>
			<LIMITED>1</LIMITED>
			<MOTORIZED>0</MOTORIZED>
			<DES_VEL>1</DES_VEL>
			<MAX_FORCE>1000</MAX_FORCE>
			<POS1>0,0,0</POS1>
			<POS2>0.3768368,-3.263619e-009,4.439422e-008</POS2>
			<PRIMARY_AXIS1>1,0,0</PRIMARY_AXIS1>
			<PRIMARY_AXIS2>0.90717,0.4207642,5.829389e-008</PRIMARY_AXIS2>
			<ORTHOGONAL_AXIS1>0,1,0</ORTHOGONAL_AXIS1>
			<ORTHOGONAL_AXIS2>-0.4207643,0.9071701,-2.490442e-008</ORTHOGONAL_AXIS2>
		</JOINT>
		<JOINT id="bip01 r hand" part1="bip01 r hand" part2="bip01 r forearm" type="hinge">
			<HIGH_LIMIT>0.4</HIGH_LIMIT>
			<LOW_LIMIT>-0.4</LOW_LIMIT>
			<HIGH_STIFFNESS>1000</HIGH_STIFFNESS>
			<LOW_STIFFNESS>1000</LOW_STIFFNESS>
			<LIMITED>1</LIMITED>
			<MOTORIZED>0</MOTORIZED>
			<DES_VEL>1</DES_VEL>
			<MAX_FORCE>1000</MAX_FORCE>
			<POS1>0,0,0</POS1>
			<POS2>0.3768368,-4.919124e-008,-8.086024e-009</POS2>
			<PRIMARY_AXIS1>1,0,0</PRIMARY_AXIS1>
			<PRIMARY_AXIS2>0.9552703,-0.02034681,0.2950332</PRIMARY_AXIS2>
			<ORTHOGONAL_AXIS1>0,1,0</ORTHOGONAL_AXIS1>
			<ORTHOGONAL_AXIS2>0.27911,0.3917983,-0.8766935</ORTHOGONAL_AXIS2>
		</JOINT>
		<JOINT id="bip01 r thigh" part1="bip01 r thigh" part2="bip01 spine" type="skeletal">
			<CONE_TYPE>2</CONE_TYPE>
			<CONE_HALF_ANGLE_X>0.7853982</CONE_HALF_ANGLE_X>
			<CONE_HALF_ANGLE_Y>0.7853982</CONE_HALF_ANGLE_Y>
			<CONE_STIFFNESS>1000</CONE_STIFFNESS>
			<CONE_DAMPING>1</CONE_DAMPING>
			<TWIST_TYPE>2</TWIST_TYPE>
			<TWIST_HALF_ANGLE>1.570796</TWIST_HALF_ANGLE>
			<TWIST_STIFFNESS>1000</TWIST_STIFFNESS>
			<TWIST_DAMPING>1</TWIST_DAMPING>
			<POS1>0,0,0</POS1>
			<POS2>-0.2061768,0.0235789,-0.1220982</POS2>
			<PRIMARY_AXIS1>1,0,0</PRIMARY_AXIS1>
			<PRIMARY_AXIS2>-0.9685857,-0.2030782,-0.1435311</PRIMARY_AXIS2>
			<ORTHOGONAL_AXIS1>0,1,0</ORTHOGONAL_AXIS1>
			<ORTHOGONAL_AXIS2>-0.2165751,0.9725128,0.08552359</ORTHOGONAL_AXIS2>
		</JOINT>
		<JOINT id="bip01 r upperarm" part1="bip01 r upperarm" part2="bip01 r clavicle" type="skeletal">
			<CONE_TYPE>2</CONE_TYPE>
			<CONE_HALF_ANGLE_X>0.7853982</CONE_HALF_ANGLE_X>
			<CONE_HALF_ANGLE_Y>0.7853982</CONE_HALF_ANGLE_Y>
			<CONE_STIFFNESS>1000</CONE_STIFFNESS>
			<CONE_DAMPING>1</CONE_DAMPING>
			<TWIST_TYPE>2</TWIST_TYPE>
			<TWIST_HALF_ANGLE>1.570796</TWIST_HALF_ANGLE>
			<TWIST_STIFFNESS>1000</TWIST_STIFFNESS>
			<TWIST_DAMPING>1</TWIST_DAMPING>
			<POS1>0,0,0</POS1>
			<POS2>0.163296,1.267125e-008,-8.037067e-008</POS2>
			<PRIMARY_AXIS1>1,0,0</PRIMARY_AXIS1>
			<PRIMARY_AXIS2>0.4320066,-0.09021665,0.8973467</PRIMARY_AXIS2>
			<ORTHOGONAL_AXIS1>0,1,0</ORTHOGONAL_AXIS1>
			<ORTHOGONAL_AXIS2>-0.3755312,0.8866308,0.2699299</ORTHOGONAL_AXIS2>
		</JOINT>
		<JOINT id="bip01 spine" part1="bip01 spine" part2="bip01 pelvis" type="hinge">
			<HIGH_LIMIT>0.4</HIGH_LIMIT>
			<LOW_LIMIT>-0.4</LOW_LIMIT>
			<HIGH_STIFFNESS>1000</HIGH_STIFFNESS>
			<LOW_STIFFNESS>1000</LOW_STIFFNESS>
			<LIMITED>1</LIMITED>
			<MOTORIZED>0</MOTORIZED>
			<DES_VEL>1</DES_VEL>
			<MAX_FORCE>1000</MAX_FORCE>
			<POS1>0,0,0</POS1>
			<POS2>0.2054207,0.0001724333,-1.297283e-005</POS2>
			<PRIMARY_AXIS1>1,0,0</PRIMARY_AXIS1>
			<PRIMARY_AXIS2>0.9974912,0.07007629,0.01002838</PRIMARY_AXIS2>
			<ORTHOGONAL_AXIS1>0,1,0</ORTHOGONAL_AXIS1>
			<ORTHOGONAL_AXIS2>-0.06911602,0.9947053,-0.07605455</ORTHOGONAL_AXIS2>
		</JOINT>
		<JOINT id="bip01 spine1" part1="bip01 spine1" part2="bip01 spine" type="hinge">
			<HIGH_LIMIT>0.4</HIGH_LIMIT>
			<LOW_LIMIT>-0.4</LOW_LIMIT>
			<HIGH_STIFFNESS>1000</HIGH_STIFFNESS>
			<LOW_STIFFNESS>1000</LOW_STIFFNESS>
			<LIMITED>1</LIMITED>
			<MOTORIZED>0</MOTORIZED>
			<DES_VEL>1</DES_VEL>
			<MAX_FORCE>1000</MAX_FORCE>
			<POS1>0,0,0</POS1>
			<POS2>0.2176843,0.0001674283,1.125727e-005</POS2>
			<PRIMARY_AXIS1>1,0,0</PRIMARY_AXIS1>
			<PRIMARY_AXIS2>0.9678131,0.2516685,-0.0009829252</PRIMARY_AXIS2>
			<ORTHOGONAL_AXIS1>0,1,0</ORTHOGONAL_AXIS1>
			<ORTHOGONAL_AXIS2>-0.2510747,0.9657831,0.06499601</ORTHOGONAL_AXIS2>
		</JOINT>
		<JOINT id="bip01 spine2" part1="bip01 spine2" part2="bip01 spine1" type="hinge">
			<HIGH_LIMIT>0.4</HIGH_LIMIT>
			<LOW_LIMIT>-0.4</LOW_LIMIT>
			<HIGH_STIFFNESS>1000</HIGH_STIFFNESS>
			<LOW_STIFFNESS>1000</LOW_STIFFNESS>
			<LIMITED>1</LIMITED>
			<MOTORIZED>0</MOTORIZED>
			<DES_VEL>1</DES_VEL>
			<MAX_FORCE>1000</MAX_FORCE>
			<POS1>0,0,0</POS1>
			<POS2>0.217746,0.0001414724,2.545588e-009</POS2>
			<PRIMARY_AXIS1>1,0,0</PRIMARY_AXIS1>
			<PRIMARY_AXIS2>0.9917687,-0.1280435,3.268547e-007</PRIMARY_AXIS2>
			<ORTHOGONAL_AXIS1>0,1,0</ORTHOGONAL_AXIS1>
			<ORTHOGONAL_AXIS2>0.1280434,0.9917686,7.674188e-008</ORTHOGONAL_AXIS2>
		</JOINT>
	</ASSET>
	<ASSET id="ClotRag" graphic="Clot.PSK" scale="0.02" mass_scale="1" length_scale="1">
		<GEOMETRY id="bip01 head">
			<PRIMITIVE id="bip01 head_1" type="sphyl">
				<RADIUS>0.1168245</RADIUS>
				<HEIGHT>0.3376491</HEIGHT>
				<TM>-2.044592e-007,-0.9999049,0.01379616,0,2.360864e-008,-0.01379617,-0.9999049,0,1,-4.51672e-007,3.03892e-008,0,0.1688246,-6.892218e-008,3.855878e-009,1</TM>
			</PRIMITIVE>
		</GEOMETRY>
		<GEOMETRY id="bip01 l calf">
			<PRIMITIVE id="bip01 l calf_1" type="sphyl">
				<RADIUS>0.07139854</RADIUS>
				<HEIGHT>0.5797932</HEIGHT>
				<TM>7.576069e-008,-0.06385001,0.9979596,0,4.868852e-008,-0.9979596,-0.06384996,0,1,9.833815e-008,-5.810061e-008,0,0.2898966,3.091373e-008,-3.433716e-008,1</TM>
			</PRIMITIVE>
		</GEOMETRY>
		<GEOMETRY id="bip01 l clavicle">
			<PRIMITIVE id="bip01 l clavicle_1" type="sphyl">
				<RADIUS>0.05891969</RADIUS>
				<HEIGHT>0.163296</HEIGHT>
				<TM>-2.714789e-008,0.6720758,-0.7404823,0,6.574616e-008,0.7404823,0.672076,0,1,-3.729227e-008,-9.221472e-008,0,0.08164801,5.082093e-008,-3.415466e-008,1</TM>
			</PRIMITIVE>
		</GEOMETRY>
		<GEOMETRY id="bip01 l foot">
			<PRIMITIVE id="bip01 l foot_1" type="sphyl">
				<RADIUS>0.05166304</RADIUS>
				<HEIGHT>0.1986416</HEIGHT>
				<TM>0.8465967,0.4899984,-0.2077877,0,0.1798375,0.1040875,0.978174,0,0.5009317,-0.8654869,7.317334e-008,0,0.04975294,-0.08596087,2.912815e-009,1</TM>
			</PRIMITIVE>
		</GEOMETRY>
		<GEOMETRY id="bip01 l forearm">
			<PRIMITIVE id="bip01 l forearm_1" type="sphyl">
				<RADIUS>0.05045374</RADIUS>
				<HEIGHT>0.3768368</HEIGHT>
				<TM>-2.53761e-007,-0.8188298,-0.5740364,0,-1.224556e-007,0.5740364,-0.8188297,0,0.9999999,5.704193e-009,-1.861132e-007,0,0.1884184,-4.803961e-008,-9.564815e-009,1</TM>
			</PRIMITIVE>
		</GEOMETRY>
		<GEOMETRY id="bip01 l hand">
			<PRIMITIVE id="bip01 l hand_1" type="sphyl">
				<RADIUS>0.04989786</RADIUS>
				<HEIGHT>0.1640813</HEIGHT>
				<TM>-0.01972285,-0.5754212,0.8176193,0,-0.04020331,-0.8166605,-0.5757161,0,0.9989966,-0.04422576,-0.007027057,0,0.0819584,-0.003628306,-0.000576473,1</TM>
			</PRIMITIVE>
		</GEOMETRY>
		<GEOMETRY id="bip01 l thigh">
			<PRIMITIVE id="bip01 l thigh_1" type="sphyl">
				<RADIUS>0.1072059</RADIUS>
				<HEIGHT>0.665108</HEIGHT>
				<TM>2.060798e-008,-0.06383217,0.9979607,0,4.985133e-008,-0.9979607,-0.06383213,0,1,9.23203e-008,-6.860474e-009,0,0.332554,3.34269e-008,-1.510506e-009,1</TM>
			</PRIMITIVE>
		</GEOMETRY>
