[EndGameBonusMut.EndGameBonusMut]
EasyMult=1.000000
NormalMult=1.500000
HardMult=2.000000
SuicidalMult=2.500000
HoEMult=3.000000

